
31055
21959
15195
8464
22786
11646
3357
22293
863
6067
10525
30347
16916
26446
2386
15240
6326
184
24188
20818
957
5297
18455
13872
24087
3591
6209
6044
8567
12297
30841
30771
1481
31801
14361
5912
23493
10864
30325
22371
19560
24237
29482
4462
1190
30600
10943
5533
17723
18513
3328
13737
6035
23695
20883
26010
9060
18935
18822
11381
4751
11634
13734
29205
2461
29652
5502
23828
5805
30963
30563
13652
29252
866
28340
3042
22805
15276
27667
10235
7460
26786
9159
15145
7690
22623
25402
15209
13531
17049
28231
12514
7694
304
20729
25804
22777
8393
5069
13744
25468
15026
17351
4982
21288
9909
21745
25596
25111
32577
14939
29781
19778
29219
9753
870
16944
5466
9540
18160
28462
168
28300
20535
7309
13570
24306
6557
22951
556
24647
1894
28808
18144
16261
4617
16848
2017
4691
20806
9605
28855
18917
30953
18669
6541
12796
22700
12372
2034
